0.0560091147442
0.0
0.0
0.0
0.0410016146336
0.0
4.012495464e-05
0.048574149196
0.0
0.0
3.59326896e-07
0.0001211404488
0.0
0.0
0.000631016988
0.0
0.0
0.0110917188408
0.0667400544607
0.000409273546801
36.7373111717
0.0
0.0
0.0
0.443026440131
0.0086268925032
0.0
0.0
0.033727883817
0.0
11.9587233189
0.0
-0.0007413735456
0.0
0.0
0.0
0.0
6.1128924e-05
0.0
0.0004814988768
0.0
0.0
0.0
0.0
0.0
0.0
0.0667400544607
0.0
-0.0016109767296
0.123198482252
0.004920878382
0.0
0.0667400544607
0.0
6.1128924e-05
0.0
0.0
0.035380648612
0.210389963658
0.0
0.0
0.0
0.0
1.437307584e-06
0.0337800381962
-0.337224033674
0.0
0.0
0.001211699556
-0.951915110217
0.0
0.0
0.0
0.0
0.0004605725256
4.01249064e-05
0.0071891936928
0.0
0.0
0.183323482252
0.0
0.0
0.0
0.0
3.59326896e-07
0.0049545195912
0.001211699556
0.0
0.0002416838472
0.0950886368232
0.0667400544607
0.115467898226
0.0
0.0
0.0
0.0
0.035380648612
0.0
0.0
0.146969305631
0.467873600505
0.0
0.102116348017
0.0052666487928
0.001211699556
0.0667400544607
0.0
0.0
0.000120842004
0.0
0.0001181749752
0.0748716417242
0.0
-0.234224947758
0.0
0.0
0.00010352217168
0.0
0.0
0.0
0.000122257848
0.0
0.0
-0.19776075871
0.0
0.0
0.0
-0.198043516184
0.035380648612
0.0
0.126961108825
0.00145460495578
0.0667400544607
6.1128924e-05
0.0
0.0
0.210389963658
0.00436368159848
5.43618757764
3.59326896e-07
0.0
1.44853724099
0.048574149196
0.0
26.3075196909
0.0832764800056
0.0009629977536
0.0
0.0
0.0009667355496
0.0001604996256
0.0
0.0
3.59326896e-07
14.9880552013
0.0
9.01946496e-05
0.0
0.0
0.0
-5.43618757764
0.0
0.0
-0.0986752238258
0.0
0.0
8.02498128e-05
4.268579112e-06
6.1128924e-05
0.0
0.104543139034
4.893066816e-05
3.59326896e-07
0.0005507671752
0.0820446644192
-4.29996888e-06
0.000120842004
-11.072311432
0.0
0.0
0.0
8.02498128e-05
0.467873600505
0.0
0.0
0.048574149196
-5.82719904e-05
0.0002416838472
0.0
0.0
0.0
0.0
0.0
0.0339629181581
0.0
0.035380648612
0.0
0.0
0.0
0.0016109767296
0.0
0.0
0.0
0.0
0.0052666487928
-15.7263201096
0.0
0.00010352217168
0.0049545195912
0.0
0.0
0.0
0.0
0.0001604996256
0.0
-0.0405968002104
0.0
0.102116348017
0.0
0.0
0.0
0.0
0.0
0.0820446644192
0.0
0.0
0.0049545195912
0.0
0.0
0.0
0.0
0.102116348017
0.0
0.090134117232
0.0
1.29680995824
0.00010352217168
0.0
13.2945813569
0.104259134143
0.0005507671752
0.0
0.0
26.3075196909
0.001211699556
0.0
0.47854170052
0.0
0.0
0.0
0.0560091147442
4.29996888e-06
0.0007413735456
0.0027074671056
0.0
0.0
4.01249064e-05
0.0
0.0
0.0049545195912
0.000409273546801
-2.59852817144
0.0412832076322
0.0
0.0100312970304
0.0
0.0
0.000122257848
0.0
0.00010352217168
-33.8336477729
0.0
0.0
0.0
0.0044463536424
0.0
0.0
-28.990836848
0.0
4.01249064e-05
0.0
0.191427806215
0.0560091147442
0.0014333581752
0.0
0.691793715514
0.0011148341184
0.0
-0.0
0.0
4.01249064e-05
0.0
0.0
0.0
0.0
0.0
0.0
0.0001604996256
0.0002416838472
0.0
0.102116348017
0.0
0.225136063068
0.0
0.0071891936928
4.01249064e-05
0.0007394383176
0.0049545195912
0.0
0.0
0.0
0.0086268925032
0.0
0.0110917188408
0.0
0.0
0.0
0.0
0.0
0.0
0.0
0.0
0.0307096039392
0.0
0.0
0.0359076536832
0.0
0.0
0.002405
0.0
0.0005745924288
0.0
-0.0100312970304
0.0337800381962
0.0
0.0950886368232
0.0333618113208
1.296
0.0079860376104
0.0
0.0630280581915
0.0
1.5282231e-05
0.0
0.0
0.0
0.0
0.0
0.00145484722992
3.59326896e-07
0.0
0.0
0.0667400544607
0.0024168387936
0.0049545195912
0.0044463536424
0.0667395154704
0.0
0.0100312970304
0.0
0.0
0.0
-0.210389963658
-0.210389963658
-0.001211699556
0.0
0.0
0.193397077112
0.0
0.006106292364
0.0
0.0001604996256
0.0
0.0
0.0049545195912
0.0
0.0
0.0
0.0
0.0
-0.001211699556
0.000120842004
0.0
0.0
0.0
4.01249064e-05
0.0
0.0010853462928
4.29996888e-06
0.0
8.02498128e-05
0.0
4.01249064e-05
0.0
0.0
0.0
0.1608
0.090134117232
0.0
0.0630280581915
0.0
0.0
0.0
3.59326896e-07
0.0333618113208
0.0
0.0
0.0
0.0
0.0049545195912
0.284909745116
0.0
0.0
0.0152325441216
0.0118475344776
8.02498128e-05
4.5021415944e-05
0.0001087577232
0.0
0.0
4.01249064e-05
0.0
-0.104259134143
0.0001604996256
0.0
0.0
26.3075196909
0.0
0.0
0.00010352217168
0.0
3.59326896e-07
0.0
0.0
0.0
3.59326896e-07
0.0
0.000409273546801
0.0
0.0
0.0027074671056
0.0
3.59326896e-07
3.59326896e-07
0.0
0.002405
0.0
0.0
0.0
0.0970699404504
0.0
0.0
0.0
0.0
0.0
0.0
0.0071891936928
0.0
0.0
0.157283025156
0.0
3.59326896e-07
1.18619748e-06
1.35403953953
0.0
0.0
3.59326896e-07
0.0412430827258
0.0
0.0
0.0
0.0
0.0
0.0
0.0
0.0
-0.115467898226
0.0
-0.0049545195912
0.0013344724464
0.0
0.0
5.38990344e-07
4.01249064e-05
0.0013344724464
0.0
0.0
9.9448368e-06
0.0
0.0
0.0
0.0
0.0
16.056548637
0.0890646920048
0.0
8.02498128e-05
0.000200983858896
0.0
0.002105807856
0.0
0.0
0.012212584728
0.0
-1.29606112892
0.0
0.443026440131
0.0
3.59326896e-07
0.0
0.00010352217168
0.102116348017
0.0559689898378
0.0
-38.2821473037
0.239372721951
0.0
0.0
4.01249064e-05
0.0
4.01249064e-05
0.0
0.0
8.02498128e-05
0.284909745116
0.0
0.0559689898378
0.0
0.0
0.0
0.002405
0.0
0.0
0.0304650882432
0.0
0.0359076536832
0.048574149196
0.0
0.0
0.0
0.0950886368232
0.0
-0.0530238910128
0.0
0.0
0.0
1.18619748e-06
0.0
8.02498128e-05
0.0
0.0359076536832
0.0748716417242
0.0001604996256
4.01249064e-05
0.0
-3.59326896e-07
0.0
0.0
0.048574149196
0.0
0.0304650882432
4.01249064e-05
0.0359076536832
0.0
0.000122257848
0.005867915208
0.0052666487928
0.0
0.0
0.0
0.0
0.0052666487928
0.005867915208
0.0
0.0049545195912
0.0009667355496
28.990836848
0.0359076536832
0.0304650882432
0.0
0.0
-0.0001181749752
8.0249652e-05
0.0
0.0
1.296
0.0
-1.29606112892
-0.0950886368232
0.0
0.0
0.012212584728
0.0219859593246
0.0
0.0
0.47853572371
0.048574149196
0.0560091147442
0.0
0.206730754474
0.0
0.0043623941736
0.0049545195912
0.0
0.0
0.0
0.0932911088248
0.0
0.035380648612
0.0
0.206730754474
0.0
0.0
0.0
0.0
0.0
0.0666172576224
0.0
0.0
0.0
16.2394721148
0.0
0.001211699556
0.0530238910128
0.0
0.0
0.0
0.0
0.0
3.59326896e-07
0.0
0.0
1.296
0.000122257848
0.0
0.0
0.000122257848
0.0
0.0304650882432
0.0
0.0
0.0
0.0667400544607
0.0
3.0731
0.0
0.0008896483512
0.0
2.43827301652
0.0
0.115467898226
0.0001203747192
0.0
0.337224033674
0.000409273546801
0.0
0.0
0.000122257848
13.6182756205
6.1128924e-05
0.00010352217168
0.0
0.0
0.0
0.0
0.0
0.0
9.01946496e-05
0.0
0.0216139237968
0.0
0.0359076536832
1.43768410015
0.0
0.0
0.0
0.0
0.0
15.5669000029
-33.8336477729
-0.104543139034
0.0296714973096
0.0
0.0020543129424
0.0
0.0950886368232
0.000138973500048
0.048574149196
0.0
0.0
0.0
0.1608
0.0
0.0560091147442
0.0
0.0
0.0667400544607
-2.59852817144
0.0
0.0530238910128
0.048574149196
0.0
0.0
0.0
0.0
0.048574149196
0.0
0.0
0.0
0.0
0.0
0.0
15.8213098978
0.0
0.0
0.0
0.0
0.0
100.832538245
3.59326896e-07
0.0
0.0
0.0
0.0
0.0
0.0
0.0
0.0
0.0
-3.92768795391
-0.0337800381962
0.0630280581915
0.033727883817
0.0
0.104259134143
0.0
0.00010352217168
0.0
0.0
0.0304650882432
0.033727883817
1.30173083662
0.0
1.43768410015
0.0
0.0
-0.0530238910128
0.0559689898378
16.2394721148
0.0001181749752
0.0
0.0
0.000188263495104
0.0152325441216
0.0
0.0118475344776
0.000409273546801
0.0
0.206730754474
0.104259134143
0.0
0.0
0.104259134143
0.0359076536832
0.0
0.0
0.0
-0.0014827470912
0.0
0.0
0.0
0.0
0.0008896483512
0.0
-0.104259134143
0.0
0.0
0.0
0.0
0.000122257848
0.00436368159848
9.01946496e-05
0.0
0.0
0.0
5.38990344e-07
0.0
0.0
0.0
0.006106292364
16.2394721148
0.012212584728
0.0
0.0062113626216
0.0
0.0
0.0054271484184
0.0001604996256
0.0
4.01249064e-05
0.0
0.0
0.0
0.0
0.0
4.01249064e-05
0.0
0.0
0.0
0.0
0.0333618113208
0.033727883817
0.0
0.0005507671752
0.126961108825
52.6120542341
0.0304650882432
1.296
0.0
0.093481938901
1.29606112892
0.00145484722992
0.0
0.126730547845
0.0
0.0
0.0
0.0359076536832
0.0
0.0304650882432
0.0008896483512
0.0007413735456
38.2821473037
0.0359076536832
0.0
0.0
0.0
0.0
0.0
0.0049545195912
0.0
4.01249064e-05
0.0
0.0389945326098
0.337224033674
0.005867915208
0.0
0.0014827470912
0.0
3.95174860934
0.0
0.0280950029501
0.206730754474
0.0
0.0
0.171109356424
0.0
0.0
0.0052666487928
0.0052666487928
0.005867915208
0.0359076536832
0.0
0.0304650882432
0.0
0.0
0.0
4.01249064e-05
0.0
0.0
0.0
0.0
0.0
0.0
0.0
0.0
0.0
0.0
3.59326896e-07
0.0
0.0
0.0
0.0052666487928
4.01249064e-05
0.467873600505
0.001211699556
0.0
0.0276722012832
0.048574149196
0.0
4.01249064e-05
0.0
0.0
0.192679218448
0.192679218448
4.01249064e-05
0.0
0.0
0.0
0.0
0.0
0.0
0.0307096039392
-5.82719904e-05
0.0
0.0
0.0
0.0
0.0
0.0013344724464
0.0
0.0
0.0
0.0304650882432
0.0
0.0359076536832
0.0
0.0222691280016
0.0
0.0118475344776
-6.99072131031
0.0005507671752
0.0152325441216
0.0667400544607
0.0
0.0
0.035380648612
0.0
0.0
0.0005921254176
4.5021415944e-05
0.0
0.0
4.5021415944e-05
0.0
0.0008896483512
6.1128924e-05
0.0
0.0304650882432
0.0
0.0296714973096
0.0359076536832
0.0
0.0
0.0
0.0
0.0630280581915
0.0
5.82719904e-05
0.0
0.0005751187272
-2.61300657047
0.0
0.0014827470912
-4.01249064e-05
0.0001604996256
0.0
0.0
0.0010853462928
0.0
0.115467898226
0.0
0.0
0.0
0.0
0.035380648612
0.0
0.0630280581915
0.0
0.0
0.00145484722992
0.0307096039392
0.0320868397634
0.0359076536832
0.0
0.0
0.0
0.0
1.5282231e-05
0.0
0.0
0.0
8.02498128e-05
5.51582592e-05
0.0005507671752
0.001211699556
0.0
0.0002964196848
0.0001203747192
0.0001604996256
0.0001211404488
0.0
0.0
0.0
0.001211699556
0.002105807856
4.01249064e-05
0.0
0.0
0.0
0.0
0.002405
0.0
-28.990836848
4.01249064e-05
0.0
0.0
0.0
1.5282231e-05
6.1128924e-05
0.0
0.0890646920048
0.0296714973096
0.0
0.0667395154704
0.0
0.006106292364
-4.01249064e-05
0.0
0.0
0.0001604996256
0.0
0.0
0.0
0.0
4.01249064e-05
0.0
0.0001604996256
2.00624532e-05
0.0009788196696
0.0
0.0
0.0
0.0
15.5769312999
0.0032013745968
3.89396007009
4.01249064e-05
0.0
0.0
0.0
0.0
0.0
0.206730754474
0.115467898226
12.6663605103
0.0
8.02498128e-05
0.0
0.0
0.0
0.0043623941736
0.210389963658
0.0530238910128
0.0043623941736
0.0
0.0
1.18619748e-06
44.4176666599
0.0016599387216
0.0667400544607
0.000200983858896
0.0001211404488
0.0
0.0
0.0
0.0
0.0008896483512
-4.01249064e-05
-4.01249064e-05
0.0630280581915
0.0
0.0
-5.4728299698
0.0
0.0009629977536
0.0
0.206730754474
0.0
0.0
-0.0559689898378
0.0041408252808
0.0008896483512
0.0032206419744
0.0
0.0
0.0
11.5401850325
0.0
0.0
0.0005507671752
11.072311432
0.0
-3.92768795391
0.0
4.01249064e-05
0.206730754474
0.104259134143
0.0
0.0
-0.347937803308
0.104259134143
0.0
0.0
0.0
0.0
0.0
0.0
0.0
0.210389963658
-3.59326896e-07
0.0
0.0
0.0
0.0
0.0667400544607
-5.51582592e-05
0.210389963658
0.167409450183
0.0
-0.202407197782
0.0950886368232
0.00436368159848
-0.0820446644192
0.0
0.0
0.0
0.001211699556
0.0
0.0
-0.126730547845
0.00010352217168
0.0
-5.51582592e-05
0.0
2.06163091391
-0.0890646920048
0.0
4.012495464e-05
0.0
0.012212584728
4.01249064e-05
0.0
0.0
15.8214264013
44.4176666599
0.0
0.0
0.0
0.0
0.0
-11.5401850325
-33.8336477729
4.01249064e-05
0.004920878382
0.0219859593246
0.0
0.0
