2
3
5
8
11
22
24
26
28
32
33
34
36
42
48
65
68
69
72
86
91
93
95
97
100
107
109
110
113
114
115
117
120
121
123
127
129
140
142
144
148
154
157
160
163
164
165
170
175
177
179
186
189
190
192
193
202
204
205
206
215
217
221
225
229
230
235
239
243
248
251
254
261
265
266
270
276
277
282
285
292
293
294
299
303
306
308
310
320
332
333
336
340
348
361
362
363
364
375
376
377
380
388
404
407
418
422
426
437
439
441
450
454
460
463
464
471
476
478
484
489
491
493
498
503
504
506
513
514
515
516
522
523
526
529
532
534
537
539
540
541
542
543
546
549
550
551
552
555
576
581
587
588
590
595
599
601
605
607
612
619
620
627
635
641
646
658
664
668
672
679
680
686
693
697
698
708
718
719
721
724
725
728
729
730
731
738
743
746
747
748
749
751
757
758
762
767
768
769
771
772
774
775
778
779
795
800
813
824
830
831
840
843
845
847
849
851
854
856
857
858
859
860
884
888
893
894
895
903
904
908
909
910
911
912
914
920
925
932
934
935
946
948
949
950
951
953
954
957
970
976
983
985
986
987
990
1003
1006
1007
1012
1017
1020
1021
1027
1034
1038
1040
1051
1052
1054
1058
1062
1067
1068
1069
1071
1073
1074
1077
1079
1080
1082
1087
1091
1093
1094
1097
1098
1100
1103
1104
1110
1111
1116
1120
1122
1123
1130
1133
1134
1136
1141
1145
1149
1151
1152
1156
