45
946
347
808
564
541
45
1031
30
1039
96
1000
333
340
365
1044
1051
661
30
584
564
902
403
839
808
30
240
96
1000
333
217
45
141
413
519
515
692
45
30
96
1000
333
698
383
356
363
830
823
376
1000
649
237
86
45
964
1000
92
193
47
17
771
45
236
75
721
250
205
1000
47
13
790
45
320
1067
644
45
96
910
1000
919
600
969
521
72
45
150
311
666
964
414
235
224
30
966
981
333
760
1000
47
784
1025
1022
9
432
204
724
1000
276
564
109
45
30
660
96
1000
333
664
45
964
30
96
901
1000
403
45
254
96
1000
1056
188
183
331
720
5
37
901
822
964
1102
1089
45
712
339
533
1000
376
1045
45
86
523
381
45
1000
593
9
721
933
1069
45
823
30
837
96
1000
333
715
1000
753
645
306
45
719
979
964
406
716
492
771
146
936
1000
944
45
744
30
96
736
1000
333
226
954
45
9
664
76
652
174
159
347
30
286
564
769
403
809
521
47
464
919
565
45
966
716
726
715
1000
482
645
270
95
96
1000
208
163
214
1058
1000
48
45
564
96
1000
1000
26
200
47
374
92
752
45
500
259
1000
57
101
808
30
716
1000
347
333
96
123
42
148
592
1000
692
47
45
1021
30
96
1009
1000
333
893
938
23
645
735
715
1000
9
835
706
933
45
457
30
96
461
1000
333
803
347
584
104
1013
966
808
985
323
544
679
1000
288
1095
45
992
96
475
912
215
30
678
1000
798
403
1000
919
668
45
521
430
715
193
1000
30
199
1037
47
36
216
564
645
45
403
169
1000
590
47
45
408
1000
108
107
599
45
1000
538
808
815
39
30
764
564
1077
403
969
287
1000
293
45
259
272
690
1000
101
45
30
1080
96
1000
333
1076
222
198
697
801
122
46
893
1000
584
828
144
9
969
76
977
110
742
45
30
12
96
1000
333
20
162
9
378
45
317
471
465
101
2
715
1000
645
790
715
1000
886
495
645
969
1091
30
101
819
564
1000
403
1075
1080
1000
126
47
906
969
271
1000
263
262
30
738
564
218
403
473
371
966
865
716
747
79
30
564
405
403
521
303
1000
919
928
969
543
534
1000
1096
30
548
564
1016
403
45
409
611
564
1000
742
45
891
482
45
66
30
354
323
1000
333
652
159
247
955
706
825
934
957
894
903
678
966
1029
558
96
1000
941
969
688
1000
966
1013
986
808
964
923
30
333
1079
1013
49
808
3
772
500
45
511
621
380
391
45
1042
143
411
155
298
1088
295
741
542
478
436
45
758
96
1000
1060
720
653
952
45
30
96
151
1000
333
29
544
288
826
45
515
30
96
1000
333
517
653
1064
347
559
808
964
1000
658
869
1064
45
347
30
966
808
565
1000
564
403
45
30
584
564
96
122
715
1000
1032
226
645
900
214
163
1000
48
154
952
969
788
789
1000
529
521
1019
1000
919
1038
829
1067
45
203
96
866
986
729
741
47
585
40
5
45
76
30
96
1000
333
808
454
1013
22
747
343
30
98
564
403
770
731
808
30
1002
564
984
403
984
1000
715
1002
645
702
715
1000
979
406
645
969
1025
1013
1000
9
525
706
703
773
349
364
969
870
874
1000
45
1028
384
729
30
403
333
765
9
76
805
1034
430
564
656
520
31
45
727
253
311
812
45
376
1000
897
203
1067
92
969
624
640
1000
1000
30
564
1070
678
403
333
941
259
741
101
431
758
403
1060
333
715
1000
575
645
28
1000
693
801
708
533
712
165
1000
310
30
941
1000
551
403
646
100
24
621
710
352
406
45
30
708
302
333
96
979
693
1000
45
30
352
828
708
96
1000
333
693
302
859
1000
233
45
668
1006
1000
578
45
47
294
969
568
1000
572
806
64
111
1000
955
96
521
92
883
1000
919
901
1000
333
964
30
490
484
901
156
964
1087
1074
771
45
43
45
850
747
96
45
30
795
333
96
1000
805
9
156
319
347
596
808
1000
686
646
969
451
1000
453
64
606
562
45
386
30
393
1000
333
96
641
563
340
359
829
650
647
30
48
176
333
45
30
467
96
1000
333
444
747
752
45
738
45
674
1000
409
716
969
526
30
101
67
564
1000
403
191
45
30
1000
185
333
96
174
30
837
1000
333
45
660
634
96
461
824
808
457
119
129
715
771
931
1000
645
831
30
680
1020
333
30
414
101
96
333
471
30
757
937
333
814
30
1000
333
463
968
763
339
940
502
900
1000
333
420
1053
878
45
804
973
716
837
600
1067
72
45
678
408
1000
944
322
502
282
1000
333
837
645
715
1000
1067
971
976
972
45
1061
1000
1000
108
137
716
45
1061
521
808
1000
919
715
1000
440
645
947
466
30
333
554
837
258
741
70
922
30
614
564
844
403
45
911
96
834
172
179
986
30
595
96
603
1000
333
45
512
601
227
969
485
1000
512
957
931
709
705
1061
1000
715
645
548
969
30
298
101
564
360
1000
403
1009
30
91
564
127
403
204
390
250
809
157
1000
30
338
564
396
376
974
694
86
808
45
521
1013
1000
919
716
270
37
1000
794
96
942
1000
50
564
630
820
30
595
333
1000
1041
96
45
52
96
180
770
1000
122
47
248
45
746
96
795
259
30
479
958
1000
333
96
530
100
1000
775
621
1089
1093
740
9
75
899
30
96
1000
333
125
570
188
45
30
96
1000
333
186
722
45
30
333
96
1000
732
103
107
1049
1097
280
122
1000
853
72
45
30
168
96
1000
333
164
865
966
1000
414
644
901
1088
96
635
966
600
1000
644
72
42
772
1000
919
477
521
145
455
461
77
259
616
1000
101
341
153
190
805
159
211
45
542
143
332
771
966
1000
644
589
767
30
178
564
814
1000
403
44
45
850
747
96
1000
372
47
115
9
250
1069
835
1000
939
47
618
771
931
919
1000
521
831
841
856
714
532
493
953
122
1000
932
853
45
1017
30
96
1008
1000
333
913
689
30
564
761
403
30
541
764
96
480
333
1000
45
722
96
849
241
273
45
47
1000
479
45
152
96
350
1100
30
333
402
815
34
30
741
564
556
403
1000
691
47
516
969
30
101
914
564
1000
232
403
509
485
77
145
945
369
45
1014
564
673
1000
45
209
564
1000
330
45
408
96
1000
641
9
606
162
562
222
715
1000
916
96
972
645
45
634
30
96
652
1000
333
989
30
986
564
1024
403
1003
945
369
276
45
590
778
716
216
240
986
1037
863
159
318
30
571
663
96
1000
333
763
969
970
986
1000
741
30
779
508
564
403
536
514
747
489
760
1000
48
741
30
161
564
258
403
747
59
205
1000
48
610
30
741
564
366
403
1066
521
101
259
47
919
741
351
30
564
166
403
741
30
0
564
1078
403
1009
1004
1000
1010
741
631
30
564
873
403
471
756
414
753
45
823
30
837
96
1000
333
508
1000
1065
745
47
741
741
30
925
564
855
403
496
531
626
1000
1065
741
345
47
741
503
30
564
1040
403
715
1000
170
645
62
51
969
25
30
101
564
1026
1000
403
45
401
96
386
45
816
96
1031
616
411
944
182
45
933
30
935
96
1000
333
491
45
781
414
428
397
264
291
45
13
30
18
96
1000
333
326
404
682
382
388
309
546
87
165
1020
671
847
30
101
904
96
333
45
30
816
96
1000
333
838
623
9
822
920
914
1000
1065
431
726
741
47
711
717
105
45
267
1000
456
422
30
1003
1000
333
259
1000
1065
726
47
101
806
1000
111
64
1088
940
165
806
1000
734
747
1000
48
939
1000
556
1065
410
741
47
747
580
1000
48
372
670
1000
341
564
1088
45
208
143
794
457
1004
1000
455
123
45
915
57
529
45
915
969
195
227
1000
45
1000
486
47
716
45
30
180
96
1000
333
194
720
30
946
1000
403
258
70
741
1007
191
942
1000
564
734
256
869
588
30
266
1000
403
45
30
115
96
1000
333
124
744
942
1000
564
580
111
144
268
263
602
174
177
240
919
764
193
771
30
986
564
589
45
672
1000
521
403
45
924
30
96
929
1000
333
225
195
9
825
706
432
45
30
1097
96
1000
333
1047
308
45
521
1000
540
919
747
252
1000
48
126
559
964
797
82
69
45
30
401
333
1000
412
96
570
572
1081
1072
45
678
564
1000
944
796
764
521
621
772
47
919
716
134
797
564
691
9
75
706
378
45
30
273
96
1000
333
240
230
45
577
716
138
929
1000
47
1009
45
1055
324
716
45
683
30
679
96
1000
333
560
45
897
1042
419
1046
135
766
45
791
720
804
1000
1033
45
728
428
45
350
30
96
1000
333
361
601
30
720
1000
333
184
45
666
1040
569
741
1094
6
603
30
739
96
1000
333
45
733
913
96
793
30
1000
333
620
855
379
741
498
942
1000
655
564
59
942
1000
71
564
489
45
28
96
469
710
352
406
693
45
30
762
302
333
96
979
1000
9
16
740
562
481
437
45
1071
136
220
45
656
564
861
45
437
30
96
1000
333
479
95
1013
808
695
140
266
564
982
969
30
101
782
564
403
1000
421
792
787
731
771
950
908
45
186
30
678
564
96
941
354
1000
966
767
47
747
367
592
1000
48
1000
41
1065
47
101
89
747
550
1000
48
26
843
822
45
48
720
427
89
715
1000
1033
645
45
695
143
972
880
1000
30
564
813
376
743
812
642
9
732
76
863
259
764
101
877
715
1000
754
389
645
370
1000
1065
47
754
741
45
787
720
804
1000
45
68
30
51
333
96
544
589
45
288
969
662
1000
649
942
1000
498
564
367
169
30
890
564
800
403
926
942
1000
1094
564
550
45
597
1000
997
101
612
607
969
371
475
1000
799
807
778
45
1000
47
716
1098
505
526
45
1095
96
403
45
347
30
479
808
96
1000
333
270
514
645
715
1000
107
840
1000
715
1028
645
45
142
30
15
96
1000
333
339
30
165
333
887
917
924
389
45
840
477
299
1000
584
621
968
1090
339
197
1000
30
872
564
328
45
179
30
96
169
1000
333
854
841
240
715
764
193
771
30
986
564
645
589
45
672
1000
403
45
1015
808
716
868
876
45
783
986
716
1013
654
808
860
45
347
808
716
6
808
45
959
30
96
1000
333
951
1000
942
1007
564
252
976
973
1000
556
741
219
710
1018
1000
802
949
45
30
647
96
1000
333
654
45
521
1000
791
403
656
430
564
111
1000
30
791
564
521
478
434
259
45
985
1000
1068
101
645
78
1106
715
1000
387
1013
808
561
45
865
690
675
30
1083
564
131
403
30
319
1000
333
1042
45
1000
796
575
716
30
512
1000
333
403
1039
159
528
45
152
30
96
173
1000
333
1000
873
1065
741
47
845
694
165
45
669
974
1000
1065
1078
47
776
741
473
27
866
901
483
964
1067
715
1000
981
96
645
930
435
438
958
122
41
853
10
289
511
715
1000
178
645
808
30
916
333
30
125
479
96
1000
333
535
851
645
715
1000
877
969
557
1000
548
747
621
772
45
764
490
513
452
240
943
1000
414
30
132
1000
333
170
694
176
45
937
974
36
1000
254
564
1100
659
600
960
72
380
710
43
220
1000
30
751
1000
333
733
913
107
764
639
865
646
45
289
30
96
1000
333
8
45
30
665
667
96
1000
333
824
839
45
30
53
333
96
68
694
941
45
554
974
962
1000
1040
1065
741
47
305
488
645
715
1000
581
1000
855
1065
741
47
1101
45
175
564
1000
141
969
1093
1086
1000
45
54
1000
941
564
30
333
599
781
929
994
988
564
857
167
946
547
557
45
30
906
96
1000
333
909
9
838
1039
76
7
694
333
45
974
1079
749
1000
47
574
969
1036
964
1000
394
626
558
865
403
641
773
588
771
932
280
1050
1000
102
986
383
392
130
112
45
200
30
96
206
1000
333
30
657
202
545
564
403
969
179
56
567
1000
258
1065
147
47
741
771
516
617
1000
1065
462
741
983
47
1000
885
919
366
521
458
942
564
214
544
941
45
288
554
544
333
45
288
1079
902
100
1000
956
621
1000
713
771
589
45
1029
96
648
45
673
96
987
165
544
45
669
288
176
544
45
937
288
45
330
927
96
739
929
30
96
1000
333
663
9
16
525
704
714
316
45
905
476
45
285
572
568
969
181
167
1000
895
969
1000
903
30
521
1000
333
645
336
357
719
251
964
1023
1035
259
945
157
165
339
296
101
941
1013
37
808
972
858
27
491
1013
808
465
901
265
964
27
991
970
1000
919
879
166
521
747
299
943
45
9
250
706
721
45
52
30
60
96
1000
333
741
958
101
1065
413
596
45
347
30
239
808
899
1000
333
96
715
771
346
45
832
645
21
45
207
809
521
47
919
1052
986
719
977
968
45
678
564
811
1000
45
325
564
466
1000
45
150
143
1000
827
11
30
966
564
499
403
843
1063
244
45
1092
30
1085
96
1000
333
566
96
21
67
45
1000
101
503
527
715
1000
846
645
45
232
1000
925
101
946
45
30
973
564
96
880
333
45
798
564
678
295
45
394
45
87
30
96
1000
333
73
969
30
290
101
564
1000
586
403
602
598
348
187
181
225
1000
857
47
339
137
30
716
45
96
1000
333
440
1011
1017
45
1000
786
716
209
969
1105
1000
1098
921
540
165
335
1000
715
1000
728
370
645
544
444
45
288
584
544
494
45
288
584
296
264
45
901
553
96
61
378
721
1072
45
61
96
458
475
521
139
1000
919
1000
537
919
521
873
969
876
865
1000
45
615
313
716
329
324
1000
576
1065
2
741
47
45
507
631
1000
101
45
30
96
1000
333
45
30
613
333
96
1000
584
681
687
45
586
1000
0
101
690
645
964
47
715
45
774
30
747
96
1000
333
495
45
860
238
749
45
715
1000
132
171
645
23
45
500
45
347
30
813
564
808
1000
521
403
945
866
165
1000
279
45
1030
750
512
476
332
741
712
690
521
1000
985
919
30
310
1000
333
900
30
396
1000
333
101
9
888
969
862
45
215
30
913
96
1000
333
45
30
284
96
1000
333
297
190
633
143
1000
240
45
599
564
96
1000
45
30
73
96
88
1000
333
430
980
564
1034
969
688
1000
966
638
30
240
564
33
403
45
551
564
941
867
1000
919
521
1078
74
969
875
1000
871
30
468
744
1000
333
117
1072
1004
1000
1068
112
30
975
191
1000
333
129
946
564
811
45
411
866
716
56
47
45
1029
24
45
521
1029
673
1000
919
737
696
64
706
16
45
942
96
176
1000
398
715
1000
645
317
414
979
865
406
45
22
96
907
45
791
880
716
45
30
96
1000
333
45
58
610
1000
101
784
703
350
645
785
390
559
1016
361
674
116
20
958
724
678
132
45
402
477
131
471
716
545
72
568
358
665
251
687
18
33
863
13
849
101
710
112
164
470
984
800
802
902
1098
1077
122
942
127
111
979
30
220
46
376
951
1048
621
1024
325
15
801
386
259
499
393
740
445
100
378
948
772
432
618
218
670
622
424
405
861
761
769
186
844
38
243
355
715
521
895
700
919
318
451
786
286
890
96
1096
91
689
657
84
922
1000
638
996
262
989
138
333
1083
661
39
79
564
11
1002
90
579
45
678
96
1000
941
480
100
1000
239
621
45
375
1000
351
101
45
315
459
96
14
1000
1065
47
1032
741
42
9
145
270
966
96
1000
149
45
521
907
1000
919
202
45
30
818
96
1000
333
831
1
290
96
269
1086
331
584
589
45
444
686
45
454
45
670
564
1000
339
45
724
564
1000
680
121
45
758
564
1000
1029
45
942
564
1000
48
9
399
417
822
414
600
865
72
45
674
564
1000
757
45
30
564
1000
403
45
786
564
1000
923
45
30
357
333
96
1000
337
45
30
849
96
1000
333
863
969
96
333
45
1000
30
122
585
105
487
969
994
1000
985
1000
221
716
45
891
96
492
122
574
47
1074
584
893
709
747
645
715
1000
581
584
589
45
494
969
81
93
1000
969
77
143
1000
276
1102
938
182
259
751
99
101
344
277
1000
1001
969
990
45
95
143
37
9
606
1059
942
240
463
564
1000
48
133
969
643
30
101
564
507
1000
403
1102
645
715
1000
442
223
1000
919
1040
521
715
1000
277
546
645
45
945
521
809
1000
919
703
250
74
76
45
604
896
1000
935
30
595
663
1000
333
96
45
619
1000
149
995
30
966
96
639
333
1000
348
362
894
45
746
30
96
1000
333
765
172
302
240
986
352
460
873
741
655
45
539
764
548
961
1078
741
71
946
910
1000
564
47
880
587
582
715
1000
207
645
632
30
605
333
965
30
504
1000
256
333
969
903
895
1000
808
259
1000
605
101
245
1000
919
855
521
969
628
1000
676
30
842
1102
1000
333
45
498
30
96
1000
333
506
130
117
497
486
194
159
699
45
111
96
1000
968
755
759
684
681
45
407
422
842
96
695
645
715
1000
965
334
329
45
705
30
707
1000
333
96
30
228
1027
1000
333
991
653
553
30
685
1038
1000
333
1000
919
668
45
521
980
45
30
1105
96
1000
333
1098
45
275
30
281
1000
333
96
45
730
1000
113
116
1000
521
219
122
710
700
893
801
919
584
45
220
30
96
246
333
1000
1057
45
892
311
353
366
744
741
166
963
191
741
362
45
30
96
347
1000
333
627
45
879
725
45
885
45
784
30
785
1000
333
96
926
918
774
777
715
1000
591
645
621
808
30
982
96
1000
333
591
969
93
1000
83
749
122
1000
321
853
707
768
30
768
1064
1000
333
419
9
852
824
148
156
715
1000
1066
645
1001
45
521
125
944
1000
1056
919
9
64
706
525
492
771
1000
944
257
45
1061
645
808
715
1000
1000
113
45
730
969
397
1000
424
109
45
344
833
817
193
715
1000
645
50
565
84
30
564
445
403
771
1000
72
45
969
600
285
1000
919
521
258
291
887
1075
913
425
716
1000
858
941
1035
96
969
717
710
1000
45
408
564
501
1000
996
30
517
564
38
403
261
896
793
461
77
143
457
114
45
867
390
9
703
573
45
537
301
355
183
45
557
30
96
1000
333
548
905
1000
919
521
462
901
848
560
964
969
882
1000
884
1004
423
422
1000
32
35
969
35
46
1000
715
1000
635
645
595
121
120
889
414
272
45
1000
30
758
716
1020
30
724
333
964
1000
735
47
30
554
333
325
45
561
645
715
1000
414
1000
130
969
112
969
1069
1057
1000
165
30
670
333
179
1004
169
1000
176
30
942
333
637
96
559
969
373
1000
382
30
941
333
678
559
578
651
662
1010
30
1079
333
786
669
30
409
333
937
30
674
333
510
45
245
304
600
555
72
1104
45
223
690
600
985
72
978
975
45
811
96
118
1056
30
333
254
45
680
300
96
587
418
42
97
45
923
96
385
45
403
96
512
45
466
96
810
45
611
283
96
45
339
96
269
45
757
96
160
45
48
96
552
246
212
47
487
30
697
96
1000
333
959
45
678
1000
951
941
96
45
1076
842
771
190
1000
186
611
772
680
591
193
521
315
47
96
919
45
327
1000
808
928
1013
850
248
1098
1000
164
400
45
169
486
37
45
670
347
30
808
96
942
1000
333
946
30
564
175
9
1059
706
75
327
771
251
589
979
548
1061
1000
406
248
608
1000
400
229
772
645
715
730
45
730
1000
100
808
213
1013
315
60
9
76
194
45
474
333
1000
30
45
255
312
311
623
901
964
192
86
715
1000
376
645
968
1088
921
339
1000
919
394
508
521
453
448
836
818
45
30
892
560
1000
333
45
903
30
895
96
1000
333
45
942
1000
670
716
158
168
949
959
1068
45
443
45
443
889
969
824
808
1000
305
715
1000
573
645
547
715
1000
1101
114
645
45
1073
30
96
1000
333
1062
715
1000
288
544
645
731
969
594
363
9
837
1078
741
961
96
30
564
333
630
30
1000
333
718
837
873
741
460
1000
66
919
576
521
715
1000
743
645
780
1000
333
402
96
260
1000
244
45
47
374
990
999
1000
752
969
799
45
30
562
333
96
1000
571
762
1000
406
979
377
1008
633
143
993
189
153
1000
377
116
708
642
623
684
476
1000
342
741
278
45
30
71
96
1000
333
65
147
715
1000
1104
645
472
468
45
673
347
30
808
811
1000
564
403
715
1000
983
645
510
969
607
30
101
564
403
1000
58
45
1023
771
589
251
716
45
824
30
808
96
1000
333
837
1040
741
569
682
683
837
855
741
379
448
969
881
1000
889
361
159
948
9
45
45
743
897
1000
117
45
1000
199
272
716
653
701
1000
944
9
64
1059
562
259
101
753
9
412
393
76
222
901
964
866
964
1000
425
47
886
45
30
156
96
1000
333
150
45
1007
30
998
96
1000
333
202
1071
716
969
721
1000
727
946
658
564
1063
55
633
143
94
99
190
143
1000
299
45
297
96
174
45
861
433
856
711
745
715
1000
476
645
45
100
1000
944
621
715
1000
345
316
645
969
414
1000
416
837
367
1000
52
48
201
196
837
550
746
1000
48
1035
309
945
278
157
546
165
1020
87
941
139
45
604
969
364
30
101
564
375
1000
403
9
1012
76
841
447
132
469
19
718
233
48
45
104
1013
716
620
1066
1067
393
159
1048
45
593
238
716
701
469
45
96
447
363
358
45
30
278
96
1000
333
275
694
323
679
1000
1095
974
946
359
564
1029
96
400
227
110
173
9
76
361
771
395
953
723
45
524
901
198
964
63
524
964
92
969
250
1000
255
33
545
1016
218
470
30
405
761
45
769
1024
844
984
800
38
243
902
131
499
1077
445
127
286
890
96
1096
91
689
657
84
922
638
996
262
989
333
1083
661
39
79
11
1002
53
90
579
45
864
240
764
704
716
321
521
1000
919
1018
363
85
450
210
45
898
969
755
1000
764
45
30
671
96
1000
333
665
476
1058
1000
741
342
259
747
633
101
521
578
47
449
919
811
30
333
941
45
1044
30
1054
96
1000
333
410
715
1000
295
645
837
252
1000
660
48
166
837
741
963
45
402
96
1000
1100
45
717
30
96
710
1000
333
969
391
387
1000
609
964
1000
140
1084
1092
549
30
1000
333
524
429
415
45
501
96
641
656
430
564
134
837
366
353
741
347
559
808
609
589
45
771
9
16
706
390
45
30
69
96
1000
333
80
851
107
764
45
30
1094
96
1000
333
1103
45
645
96
521
347
866
808
411
45
30
618
96
1000
333
622
670
1000
276
564
945
617
122
1000
853
395
40
1035
45
4
967
30
866
1000
333
203
45
625
96
748
30
632
274
1000
333
30
654
579
564
470
403
1000
985
964
47
837
580
1000
48
816
1000
771
574
45
47
1074
715
439
376
55
645
986
251
1023
964
237
715
1000
376
645
439
719
30
571
1000
333
96
808
677
1054
1013
619
600
167
72
969
706
719
1000
696
30
1000
1007
333
9
703
706
75
7
142
1004
734
837
1000
48
401
954
1000
919
521
556
45
853
299
512
356
45
30
655
96
636
333
1000
821
45
985
404
30
1000
333
1094
901
926
964
411
314
889
645
715
1000
1005
1000
1005
47
1013
679
715
1000
45
190
645
119
128
45
1070
1000
333
1067
92
423
702
381
969
438
441
1000
901
274
96
637
908
30
333
1000
498
201
995
535
837
59
722
1000
48
314
301
837
489
152
1000
48
45
307
720
1000
403
969
1068
1000
1081
30
493
1000
333
655
368
303
30
878
1000
333
71
45
442
1000
723
715
1006
859
1000
645
30
303
883
333
843
1004
1000
842
1102
866
106
103
1000
30
170
564
979
829
45
901
96
566
249
865
169
1036
962
521
513
21
1000
919
645
751
715
1000
930
794
30
966
564
249
1000
403
242
826
29
1043
1099
1105
177
1000
1013
347
715
808
645
1046
826
29
766
292
284
583
613
1054
90
30
564
243
403
392
384
261
265
45
30
531
96
1000
333
494
446
467
45
224
30
234
1000
333
96
1000
919
320
14
521
12
19
1019
1000
47
677
143
30
101
564
259
403
819
45
1082
1000
101
829
1064
866
92
964
930
45
398
1000
720
1064
92
685
1013
614
808
294
45
421
1000
779
101
45
30
835
96
1000
333
820
30
518
333
1000
1056
45
771
891
96
803
1000
944
45
415
30
426
96
1000
333
629
643
1013
517
808
500
1000
133
47
338
461
817
457
834
969
20
1000
12
582
589
964
521
101
259
47
919
1013
675
808
449
376
589
45
86
217
30
764
96
376
1000
333
715
1000
845
645
725
715
1000
776
627
645
829
45
521
1000
919
231
45
1067
96
483
45
1041
663
719
1013
521
101
47
919
471
1004
969
45
1026
34
1000
101
45
598
30
96
1000
333
601
45
30
196
96
1000
333
202
967
688
45
136
1000
538
368
45
901
44
56
521
231
1000
213
919
464
1000
919
309
521
45
943
716
425
240
969
31
522
1000
45
360
1000
101
161
